{
  "advancedEditorSelectedIdentifier" : "StatisticsPluginID",
  "openSceneRelativePaths" : [
    "Scene.usda"
  ],
  "recentIdentifiers" : {
    "5A3BCFDC-8051-4D0E-819E-9FB4DED30258" : [

    ]
  },
  "sceneCameraHistory" : {
    "4CA00EA4-398E-49B5-BBA0-FFE56E8AE721" : [
      {
        "date" : 788848558.215014,
        "title" : "Untitled",
        "transform" : [
          1,
          0,
          0,
          0,
          0,
          0.7071069,
          -0.70710677,
          0,
          0,
          0.70710677,
          0.7071069,
          0,
          0,
          1.8287902,
          1.8287904,
          1
        ]
      }
    ],
    "5A3BCFDC-8051-4D0E-819E-9FB4DED30258" : [
      {
        "date" : 788848864.744511,
        "title" : "Untitled",
        "transform" : [
          -0.65524036,
          1.28691084e-08,
          0.7554205,
          0,
          0.30392572,
          0.91549623,
          0.2636206,
          0,
          -0.6915845,
          0.40232655,
          -0.59987,
          0,
          -0.11601404,
          0.047832943,
          -0.112353735,
          1
        ]
      },
      {
        "date" : 788848849.725682,
        "title" : "Untitled",
        "transform" : [
          -0.65524036,
          1.28691084e-08,
          0.7554205,
          0,
          0.30392572,
          0.91549623,
          0.2636206,
          0,
          -0.6915845,
          0.40232655,
          -0.59987,
          0,
          -0.057829246,
          0.023843165,
          -0.0560047,
          1
        ]
      },
      {
        "date" : 788848465.064344,
        "title" : "Untitled",
        "transform" : [
          -0.65524036,
          1.28691084e-08,
          0.7554205,
          0,
          0.30392572,
          0.91549623,
          0.2636206,
          0,
          -0.6915845,
          0.40232655,
          -0.59987,
          0,
          -0.38667285,
          0.15942626,
          -0.37447327,
          1
        ]
      },
      {
        "date" : 788848344.579828,
        "title" : "Untitled",
        "transform" : [
          -0.65524036,
          1.28691084e-08,
          0.7554205,
          0,
          0.30392572,
          0.91549623,
          0.2636206,
          0,
          -0.6915845,
          0.40232655,
          -0.59987,
          0,
          -0.38667285,
          0.15942626,
          -0.37447327,
          1
        ]
      },
      {
        "date" : 788847623.557307,
        "title" : "Untitled",
        "transform" : [
          -0.4137605,
          3.1582843e-09,
          0.9103857,
          0,
          0.21889366,
          0.9706638,
          0.09948481,
          0,
          -0.8836785,
          0.24044056,
          -0.40162235,
          0,
          -0.38667285,
          0.15942626,
          -0.37447327,
          1
        ]
      },
      {
        "date" : 788846311.523585,
        "title" : "Untitled",
        "transform" : [
          -0.4882523,
          -3.613607e-08,
          0.87270254,
          0,
          0.3125896,
          0.9336504,
          0.17488505,
          0,
          -0.814799,
          0.35818574,
          -0.45585698,
          0,
          -0.38667285,
          0.15942626,
          -0.37447327,
          1
        ]
      },
      {
        "date" : 788846287.842315,
        "title" : "Untitled",
        "transform" : [
          -0.4882523,
          -3.613607e-08,
          0.87270254,
          0,
          0.3125896,
          0.9336504,
          0.17488505,
          0,
          -0.814799,
          0.35818574,
          -0.45585698,
          0,
          -0.1444694,
          0.05956512,
          -0.13991135,
          1
        ]
      },
      {
        "date" : 788846285.896032,
        "title" : "Untitled",
        "transform" : [
          -0.4882523,
          -3.613607e-08,
          0.87270254,
          0,
          0.3125896,
          0.9336504,
          0.17488505,
          0,
          -0.814799,
          0.35818574,
          -0.45585698,
          0,
          -0.1444694,
          0.05956512,
          -0.13991135,
          1
        ]
      },
      {
        "date" : 788846135.752696,
        "title" : "Untitled",
        "transform" : [
          -0.4882524,
          5.0062963e-09,
          0.8727024,
          0,
          0.31258953,
          0.9336503,
          0.17488503,
          0,
          -0.81479895,
          0.3581857,
          -0.4558571,
          0,
          -0.074488595,
          0.034908082,
          -0.1021657,
          1
        ]
      },
      {
        "date" : 788846110.751427,
        "title" : "Untitled",
        "transform" : [
          -0.1743928,
          8.6974135e-09,
          0.9846761,
          0,
          0.42181802,
          0.9035975,
          0.07470683,
          0,
          -0.88975096,
          0.42838252,
          -0.15758093,
          0,
          -0.08326076,
          0.041556284,
          -0.07451363,
          1
        ]
      }
    ]
  },
  "sceneViewportBackgroundColors" : {

  },
  "selectedSceneRelativePath" : "Scene.usda"
}